2	2147483647
4	2147483647
8	2147483647
16	2147483647
32	2147483647
64	2147483647
128	2147483647
256	2147483647
512	2147483647
1024	2147483647
2048	2147483647
4096	2147483647
8192	2147483647
16384	2147483647
32768	2147483647
65536	2147483647
131072	2147483647
262144	2147483647
524288	2147483647
1048576	2147483647
2097152	2147483647
4194304	2147483647
8388608	2147483647
16777216	2147483647
33554432	2147483647
67108864	2147483647
134217728	2147483647
268435456	2147483647
536870912	2147483647
1073741824	2147483647
2	1073741823
4	1073741823
8	1073741823
16	1073741823
32	1073741823
64	1073741823
128	1073741823
256	1073741823
512	1073741823
1024	1073741823
2048	1073741823
4096	1073741823
8192	1073741823
16384	1073741823
32768	1073741823
65536	1073741823
131072	1073741823
262144	1073741823
524288	1073741823
1048576	1073741823
2097152	1073741823
4194304	1073741823
8388608	1073741823
16777216	1073741823
33554432	1073741823
67108864	1073741823
134217728	1073741823
268435456	1073741823
536870912	1073741823
2	536870911
4	536870911
8	536870911
16	536870911
32	536870911
64	536870911
128	536870911
256	536870911
512	536870911
1024	536870911
2048	536870911
4096	536870911
8192	536870911
16384	536870911
32768	536870911
65536	536870911
131072	536870911
262144	536870911
524288	536870911
1048576	536870911
2097152	536870911
4194304	536870911
8388608	536870911
16777216	536870911
33554432	536870911
67108864	536870911
134217728	536870911
268435456	536870911
2	268435455
4	268435455
8	268435455
16	268435455
32	268435455
64	268435455
128	268435455
256	268435455
512	268435455
1024	268435455
2048	268435455
4096	268435455
8192	268435455
16384	268435455
32768	268435455
65536	268435455
131072	268435455
262144	268435455
524288	268435455
1048576	268435455
2097152	268435455
4194304	268435455
8388608	268435455
16777216	268435455
33554432	268435455
67108864	268435455
134217728	268435455
2	134217727
4	134217727
8	134217727
16	134217727
32	134217727
64	134217727
128	134217727
256	134217727
512	134217727
1024	134217727
2048	134217727
4096	134217727
8192	134217727
16384	134217727
32768	134217727
65536	134217727
131072	134217727
262144	134217727
524288	134217727
1048576	134217727
2097152	134217727
4194304	134217727
8388608	134217727
16777216	134217727
33554432	134217727
67108864	134217727
2	67108863
4	67108863
8	67108863
16	67108863
32	67108863
64	67108863
128	67108863
256	67108863
512	67108863
1024	67108863
2048	67108863
4096	67108863
8192	67108863
16384	67108863
32768	67108863
65536	67108863
131072	67108863
262144	67108863
524288	67108863
1048576	67108863
2097152	67108863
4194304	67108863
8388608	67108863
16777216	67108863
33554432	67108863
2	33554431
4	33554431
8	33554431
16	33554431
32	33554431
64	33554431
128	33554431
256	33554431
512	33554431
1024	33554431
2048	33554431
4096	33554431
8192	33554431
16384	33554431
32768	33554431
65536	33554431
131072	33554431
262144	33554431
524288	33554431
1048576	33554431
2097152	33554431
4194304	33554431
8388608	33554431
16777216	33554431
2	16777215
4	16777215
8	16777215
16	16777215
32	16777215
64	16777215
128	16777215
256	16777215
512	16777215
1024	16777215
2048	16777215
4096	16777215
8192	16777215
16384	16777215
32768	16777215
65536	16777215
131072	16777215
262144	16777215
524288	16777215
1048576	16777215
2097152	16777215
4194304	16777215
8388608	16777215
2	8388607
4	8388607
8	8388607
16	8388607
32	8388607
64	8388607
128	8388607
256	8388607
512	8388607
1024	8388607
2048	8388607
4096	8388607
8192	8388607
16384	8388607
32768	8388607
65536	8388607
131072	8388607
262144	8388607
524288	8388607
1048576	8388607
2097152	8388607
4194304	8388607
2	4194303
4	4194303
8	4194303
16	4194303
32	4194303
64	4194303
128	4194303
256	4194303
512	4194303
1024	4194303
2048	4194303
4096	4194303
8192	4194303
16384	4194303
32768	4194303
65536	4194303
131072	4194303
262144	4194303
524288	4194303
1048576	4194303
2097152	4194303
2	2097151
4	2097151
8	2097151
16	2097151
32	2097151
64	2097151
128	2097151
256	2097151
512	2097151
1024	2097151
2048	2097151
4096	2097151
8192	2097151
16384	2097151
32768	2097151
65536	2097151
131072	2097151
262144	2097151
524288	2097151
1048576	2097151
2	1048575
4	1048575
8	1048575
16	1048575
32	1048575
64	1048575
128	1048575
256	1048575
512	1048575
1024	1048575
2048	1048575
4096	1048575
8192	1048575
16384	1048575
32768	1048575
65536	1048575
131072	1048575
262144	1048575
524288	1048575
2	524287
4	524287
8	524287
16	524287
32	524287
64	524287
128	524287
256	524287
512	524287
1024	524287
2048	524287
4096	524287
8192	524287
16384	524287
32768	524287
65536	524287
131072	524287
262144	524287
2	262143
4	262143
8	262143
16	262143
32	262143
64	262143
128	262143
256	262143
512	262143
1024	262143
2048	262143
4096	262143
8192	262143
16384	262143
32768	262143
65536	262143
131072	262143
2	131071
4	131071
8	131071
16	131071
32	131071
64	131071
128	131071
256	131071
512	131071
1024	131071
2048	131071
4096	131071
8192	131071
16384	131071
32768	131071
65536	131071
2	65535
4	65535
8	65535
16	65535
32	65535
64	65535
128	65535
256	65535
512	65535
1024	65535
2048	65535
4096	65535
8192	65535
16384	65535
32768	65535
2	32767
4	32767
8	32767
16	32767
32	32767
64	32767
128	32767
256	32767
512	32767
1024	32767
2048	32767
4096	32767
8192	32767
16384	32767
2	16383
4	16383
8	16383
16	16383
32	16383
64	16383
128	16383
256	16383
512	16383
1024	16383
2048	16383
4096	16383
8192	16383
2	8191
4	8191
8	8191
16	8191
32	8191
64	8191
128	8191
256	8191
512	8191
1024	8191
2048	8191
4096	8191
2	4095
4	4095
8	4095
16	4095
32	4095
64	4095
128	4095
256	4095
512	4095
1024	4095
2048	4095
2	2047
4	2047
8	2047
16	2047
32	2047
64	2047
128	2047
256	2047
512	2047
1024	2047
2	1023
4	1023
8	1023
16	1023
32	1023
64	1023
128	1023
256	1023
512	1023
2	511
4	511
8	511
16	511
32	511
64	511
128	511
256	511
2	255
4	255
8	255
16	255
32	255
64	255
128	255
2	127
4	127
8	127
16	127
32	127
64	127
2	63
4	63
8	63
16	63
32	63
2	31
4	31
8	31
16	31
2	15
4	15
8	15
2	7
4	7
2	3
-2147483648
